10 0.0476759
0.000289924 0.716608 0.628837 0.996746 0.326255 0.348922 0.625726 0.133963 0.216172 0.420619
0.529097 0.295986 0.814912 0.46494 0.983496 0.820759 0.354754 0.345771 0.0158459 0.501175
0.825237 0.0601352 0.059306 0.760713 0.828388 0.358129 0.123809 0.095639 0.43956 0.83314
0.27757 0.28155 0.104569 0.939025 0.202643 0.470593 0.686173 0.385183 0.212857 0.849302
0.879142 0.664252 0.0481504 0.329307 0.801027 0.558156 0.581841 0.641607 0.771624 0.44669
0.473514 0.17354 0.775134 0.503423 0.098001 0.219346 0.983262 0.0202475 0.712721 0.845246
0.0142738 0.37583 0.115406 0.371862 0.535593 0.351905 0.670379 0.18456 0.954802 0.433402
0.861336 0.549184 0.491089 0.0242172 0.296513 0.356153 0.242552 0.795541 0.00386711 0.503265
0.981762 0.607475 0.0290918 0.900565 0.180427 0.378315 0.0320176 0.220903 0.509038 0.609347
0.461327 0.914906 0.950062 0.194608 0.230441 0.831381 0.44881 0.0784207 0.226505 0.113627
