10 10
6.54 -2.57 5.24 8.27 -7.50 5.06 4.07 -2.73 0.22 3.46 
5.00 -9.12 8.26 6.91 0.11 -8.14 8.50 2.46 7.84 4.44 
7.96 5.70 5.56 -1.32 -7.60 -3.16 -7.06 5.27 -3.01 -4.88 
6.59 -5.78 0.24 -0.11 -3.11 0.15 6.20 -3.81 7.15 7.82 
-9.02 -6.84 6.32 0.49 -1.01 -6.63 -4.67 4.63 4.73 1.13 
-1.99 -6.02 5.58 8.01 -2.83 5.91 1.17 3.55 6.35 -6.32 
5.18 9.42 -2.00 6.98 5.05 5.12 -1.45 4.74 -4.76 3.30 
-8.74 -7.42 -0.43 2.84 -2.87 8.49 8.51 -2.14 -5.18 9.76 
6.90 -9.28 -9.98 4.09 -2.48 7.23 -5.15 -1.67 -3.41 2.06 
8.16 7.65 6.41 -7.41 -2.91 -1.37 1.07 9.24 -9.40 8.91 
